   3.0000000000265659     
           8
   1.0000000000000000        1.0000000000000000        1.0000000000000000       -6.2458268287072546E-011  -5.3065003281121107E-011   4.4808516968698508E-012   0.0000000000000000        0.0000000000000000        0.0000000000000000     
   1.0000000000000000        1.0000000000000000        1.0000000000000000       -1.9044081440484704      -0.60035856442856661      -0.11313361714831467        0.0000000000000000        0.0000000000000000        0.0000000000000000     
   1.0000000000000000        1.0000000000000000        1.0000000000000000        1.1392073921703532       -1.1763051007737269       -1.1482651381758904        0.0000000000000000        0.0000000000000000        0.0000000000000000     
   1.0000000000000000        1.0000000000000000        1.0000000000000000       -1.3713011691702239       0.78788629902126095        1.2242419219142702        0.0000000000000000        0.0000000000000000        0.0000000000000000     
   1.0000000000000000        1.0000000000000000        1.0000000000000000      -0.42635455690598689       -1.9465607465675490      -0.17065477420488562        0.0000000000000000        0.0000000000000000        0.0000000000000000     
   1.0000000000000000        1.0000000000000000        1.0000000000000000      -0.62567392455188231       -1.0303261369264449        1.5959198576096281        0.0000000000000000        0.0000000000000000        0.0000000000000000     
   1.0000000000000000        1.0000000000000000        1.0000000000000000        1.1966551381954780       -1.3633861625262846       0.84213695565259850        0.0000000000000000        0.0000000000000000        0.0000000000000000     
   1.0000000000000000        1.0000000000000000        1.0000000000000000      -0.72141979765302666      -0.71852415406490544       -1.7214170081067184        0.0000000000000000        0.0000000000000000        0.0000000000000000     
